46.585941043000005	46.585941043000005	2a
46.660770975	46.660770975	
46.757369615	46.757369615	
46.85170068	46.85170068	
46.935600907	46.935600907	
47.033560091000005	47.033560091000005	
47.134240363	47.134240363	
47.239455782	47.239455782	
47.337868481	47.337868481	
47.43310657600001	47.43310657600001	
47.532426304	47.532426304	
47.634920635	47.634920635	
47.738321995	47.738321995	
47.85034013600001	47.85034013600001	
47.960997731999996	47.960997731999996	
48.455328798000004	48.455328798000004	2b
48.57596371899999	48.57596371899999	
48.682086168000005	48.682086168000005	
48.772335601	48.772335601	
48.857596371999996	48.857596371999996	
48.965986395	48.965986395	
49.067573696000004	49.067573696000004	
49.176870748	49.176870748	
49.288435373999995	49.288435373999995	
49.46258503399999	49.46258503399999	2c
49.574603175	49.574603175	
49.676643991000006	49.676643991000006	
49.76553288	49.76553288	
49.88798185899999	49.88798185899999	
50.00136054399999	50.00136054399999	
50.107936508	50.107936508	
50.734240363000005	50.734240363000005	2d
50.814512472	50.814512472	
50.88888888899999	50.88888888899999	
50.979138322	50.979138322	
51.067573696000004	51.067573696000004	
51.157369615	51.157369615	
51.247165533	51.247165533	
51.337414966000004	51.337414966000004	
51.429024943	51.429024943	
51.52154195	51.52154195	
51.614512472	51.614512472	
51.709750567	51.709750567	
51.80952381	51.80952381	
51.906122448999994	51.906122448999994	
52.024943311	52.024943311	
52.115646258999995	52.115646258999995	
52.203174603	52.203174603	
52.291156463	52.291156463	
52.385487528	52.385487528	
52.474829932	52.474829932	
52.567346939	52.567346939	
52.658049887	52.658049887	
52.746938776	52.746938776	
52.834920635	52.834920635	
52.932426303999996	52.932426303999996	
53.022675737	53.022675737	
53.116099773	53.116099773	
53.206349206000006	53.206349206000006	
53.293424036000005	53.293424036000005	
53.386848073	53.386848073	
53.478004535	53.478004535	
53.56689342399999	53.56689342399999	
53.65260771	53.65260771	
53.749206349	53.749206349	
53.829024943	53.829024943	
53.92154195	53.92154195	
54.01496598600001	54.01496598600001	
54.100680272	54.100680272	
54.19047619	54.19047619	
54.280725624	54.280725624	
54.369614512	54.369614512	
54.459410431	54.459410431	
54.548752834	54.548752834	
54.639455782	54.639455782	
54.721428571000004	54.721428571000004	
54.815510204	54.815510204	
54.90557823100001	54.90557823100001	
55.002721088	55.002721088	
55.096326531	55.096326531	
55.182312925	55.182312925	
55.272108843999995	55.272108843999995	
55.359637188	55.359637188	
55.452857143	55.452857143	
55.544693878000004	55.544693878000004	
55.637142857	55.637142857	
55.724081633000004	55.724081633000004	
55.808571429	55.808571429	
55.89857142899999	55.89857142899999	
55.986734694	55.986734694	
56.079183673	56.079183673	
56.17367346899999	56.17367346899999	
56.266303855	56.266303855	
56.352290249	56.352290249	
74.084557823	74.084557823	3a
74.168435374	74.168435374	
74.258004535	74.258004535	
74.335056689	74.335056689	
74.413015873	74.413015873	
74.491791383	74.491791383	
74.569070295	74.569070295	
74.659863946	74.659863946	
74.740861678	74.740861678	
74.827482993	74.827482993	
74.915328798	74.915328798	
75.000861678	75.000861678	
75.104353741	75.104353741	
75.897823129	75.897823129	3b
75.97244898	75.97244898	
76.055646259	76.055646259	
76.137346939	76.137346939	
76.22591836699999	76.22591836699999	
76.315918367	76.315918367	
76.411337868	76.411337868	
76.5138322	76.5138322	
76.610272109	76.610272109	
76.701632653	76.701632653	
76.793673469	76.793673469	
76.880816327	76.880816327	
76.965079365	76.965079365	
77.049727891	77.049727891	
77.142721088	77.142721088	
77.234693878	77.234693878	
77.331836735	77.331836735	
77.429931973	77.429931973	
77.529251701	77.529251701	
77.63877551	77.63877551	
77.727891156	77.727891156	
77.81315192699999	77.81315192699999	
77.898594104	77.898594104	
77.985714286	77.985714286	
78.07120181399999	78.07120181399999	
78.15895691600001	78.15895691600001	
78.249319728	78.249319728	
78.336054422	78.336054422	
78.428117914	78.428117914	
78.514285714	78.514285714	
78.603628118	78.603628118	
78.693877551	78.693877551	
78.78594104300001	78.78594104300001	
78.873922902	78.873922902	
78.963718821	78.963718821	
79.049433107	79.049433107	
79.14036281199999	79.14036281199999	
79.236281179	79.236281179	
79.32120181399999	79.32120181399999	
79.426303855	79.426303855	
79.52176870699999	79.52176870699999	
79.616553288	79.616553288	
79.709977324	79.709977324	
79.794671202	79.794671202	
79.880725624	79.880725624	
79.96814059	79.96814059	
80.06380952399999	80.06380952399999	
80.155782313	80.155782313	
80.242630385	80.242630385	
80.327755102	80.327755102	
80.414421769	80.414421769	
80.503854875	80.503854875	
80.588843537	80.588843537	
80.67845805	80.67845805	
80.771972789	80.771972789	
80.878911565	80.878911565	
80.943764172	80.943764172	
81.02680272100001	81.02680272100001	
81.108027211	81.108027211	
81.195510204	81.195510204	
81.280272109	81.280272109	
81.361904762	81.361904762	
81.440544218	81.440544218	
81.52176870699999	81.52176870699999	
81.612698413	81.612698413	
81.699319728	81.699319728	
81.781088435	81.781088435	
81.870294785	81.870294785	
81.969931973	81.969931973	
82.05986394600001	82.05986394600001	
82.156462585	82.156462585	
82.244444444	82.244444444	
82.32448979600001	82.32448979600001	
82.403628118	82.403628118	
82.49342403600001	82.49342403600001	
82.569387755	82.569387755	
82.651156463	82.651156463	
82.734693878	82.734693878	
82.832653061	82.832653061	
82.918820862	82.918820862	
83.006802721	83.006802721	
83.08748299300001	83.08748299300001	
83.167800454	83.167800454	
83.244444444	83.244444444	
83.32448979600001	83.32448979600001	
83.403174603	83.403174603	
83.483129252	83.483129252	
103.48988662100001	103.48988662100001	4
103.570430839	103.570430839	
103.946303855	103.946303855	
104.031201814	104.031201814	
104.12589569200001	104.12589569200001	
104.204988662	104.204988662	
104.286621315	104.286621315	
104.370793651	104.370793651	
104.56272108799999	104.56272108799999	
104.65414966	104.65414966	
104.74013605399999	104.74013605399999	
104.827210884	104.827210884	
104.918276644	104.918276644	
105.01333333299999	105.01333333299999	
105.104761905	105.104761905	
105.194376417	105.194376417	
105.281814059	105.281814059	
105.36997732399999	105.36997732399999	
105.461405896	105.461405896	
105.547029478	105.547029478	
105.635918367	105.635918367	
105.720453515	105.720453515	
105.80789115600001	105.80789115600001	
105.89170068	105.89170068	
105.97877551	105.97877551	
106.066575964	106.066575964	
106.152199546	106.152199546	
106.242176871	106.242176871	
106.334693878	106.334693878	
106.42467120200001	106.42467120200001	
106.524081633	106.524081633	
106.613696145	106.613696145	
106.70839002299999	106.70839002299999	
106.800544218	106.800544218	
106.903582766	106.903582766	
106.99174603200001	106.99174603200001	
107.089705215	107.089705215	
107.17968254	107.17968254	
107.27365079399999	107.27365079399999	
107.362176871	107.362176871	
107.46086167799999	107.46086167799999	
107.547210884	107.547210884	
107.64589569200001	107.64589569200001	
107.73260771	107.73260771	
107.83238095200001	107.83238095200001	
107.91764172299999	107.91764172299999	
108.013424036	108.013424036	
108.10557823100001	108.10557823100001	
108.216961451	108.216961451	
108.30439909299999	108.30439909299999	
108.556190476	108.556190476	
108.72952381	108.72952381	
108.81269841299999	108.81269841299999	
108.88571428600001	108.88571428600001	
108.964444444	108.964444444	
109.031746032	109.031746032	
109.10349206299999	109.10349206299999	
109.163809524	109.163809524	
109.238730159	109.238730159	
109.311746032	109.311746032	
109.37904761899999	109.37904761899999	
109.443809524	109.443809524	
109.506031746	109.506031746	
109.57015873	109.57015873	
109.63682539700001	109.63682539700001	
109.704126984	109.704126984	
109.772063492	109.772063492	
109.843174603	109.843174603	
109.91174603200001	109.91174603200001	
109.98349206299999	109.98349206299999	
110.05968254	110.05968254	
110.13269841299999	110.13269841299999	
110.20444444399999	110.20444444399999	
110.28190476200001	110.28190476200001	
110.355555556	110.355555556	
110.433650794	110.433650794	
110.50793650799999	110.50793650799999	
110.584761905	110.584761905	
110.666666667	110.666666667	
110.753650794	110.753650794	
110.842539683	110.842539683	
110.92952381	110.92952381	
111.01206349200001	111.01206349200001	
111.09333333299999	111.09333333299999	
111.17841269799999	111.17841269799999	
111.262222222	111.262222222	
111.344761905	111.344761905	
111.42793650799999	111.42793650799999	
111.508571429	111.508571429	
111.593015873	111.593015873	
111.676825397	111.676825397	
111.760634921	111.760634921	
111.871746032	111.871746032	
111.95746031700001	111.95746031700001	
129.49659863899998	129.49659863899998	5_1
132.15600907	132.15600907	5_2
147.265306122	147.265306122	5_3
160.414512472	160.414512472	
166.656870748	166.656870748	5_4
181.531428571	181.531428571	5_5
190.025578231	190.025578231	5_6
216.20244898	216.20244898	b6
216.764081633	216.764081633	
217.36489795900002	217.36489795900002	
217.961360544	217.961360544	
218.562176871	218.562176871	
219.184761905	219.184761905	
220.895918367	220.895918367	5e
221.209297052	221.209297052	
221.305668934	221.305668934	
221.39773242599998	221.39773242599998	
221.492517007	221.492517007	
221.580612245	221.580612245	
221.66122449	221.66122449	
223.10857142900002	223.10857142900002	5f
223.21197278900001	223.21197278900001	
223.303809524	223.303809524	
223.40571428599998	223.40571428599998	
223.492653061	223.492653061	
223.58462585	223.58462585	
228.630204082	228.630204082	5g
228.737142857	228.737142857	
228.844897959	228.844897959	
228.937823129	228.937823129	
229.035306122	229.035306122	
229.12952381	229.12952381	
229.220748299	229.220748299	
229.311156463	229.311156463	
