82.323809524	82.323809524	6a
82.526303855	82.526303855	
82.648072562	82.648072562	
82.76893424	82.76893424	
82.883673469	82.883673469	
83.001587302	83.001587302	
83.111111111	83.111111111	
83.222675737	83.222675737	
83.32585034	83.32585034	
83.432199546	83.432199546	
83.539002268	83.539002268	
83.641043084	83.641043084	
83.748752834	83.748752834	
86.79455782299999	86.79455782299999	6b
87.108571429	87.108571429	
87.244081633	87.244081633	
87.36	87.36	
87.45714285700001	87.45714285700001	
87.56653061200001	87.56653061200001	
87.670793651	87.670793651	
87.76761904799999	87.76761904799999	
87.877460317	87.877460317	
87.98190476200001	87.98190476200001	
88.08698412700001	88.08698412700001	
88.204126984	88.204126984	
88.304761905	88.304761905	
88.405396825	88.405396825	
88.512380952	88.512380952	
88.612063492	88.612063492	
88.716507937	88.716507937	
88.814603175	88.814603175	
88.920634921	88.920634921	
89.02253968299999	89.02253968299999	
89.11746031700001	89.11746031700001	
89.218412698	89.218412698	
89.316190476	89.316190476	
89.419365079	89.419365079	
89.519365079	89.519365079	
89.61587301600001	89.61587301600001	
89.71791383200001	89.71791383200001	
89.81043083899999	89.81043083899999	
89.919274376	89.919274376	
90.01723356	90.01723356	
90.11609977299999	90.11609977299999	
90.21315192700001	90.21315192700001	
90.31609977299999	90.31609977299999	
90.422222222	90.422222222	
90.526984127	90.526984127	
90.632653061	90.632653061	
90.725170068	90.725170068	
90.82811791399999	90.82811791399999	
90.930612245	90.930612245	
91.031746032	91.031746032	
91.14285714299999	91.14285714299999	
91.244444444	91.244444444	
91.35510204100001	91.35510204100001	
91.465759637	91.465759637	
91.568707483	91.568707483	
91.661678005	91.661678005	
91.765079365	91.765079365	
91.88344671200001	91.88344671200001	
91.988662132	91.988662132	
92.09115646299999	92.09115646299999	
92.199546485	92.199546485	
92.295238095	92.295238095	
92.400453515	92.400453515	
92.489795918	92.489795918	
92.582312925	92.582312925	
92.67346938799999	92.67346938799999	
92.775510204	92.775510204	
92.860770975	92.860770975	
92.95238095200001	92.95238095200001	
93.04399093	93.04399093	
93.147845805	93.147845805	
93.23945578200001	93.23945578200001	
93.348752834	93.348752834	
93.431292517	93.431292517	
93.54512471700001	93.54512471700001	
93.64399093	93.64399093	
93.740589569	93.740589569	
93.834920635	93.834920635	
93.929251701	93.929251701	
94.023582766	94.023582766	
94.13242630399999	94.13242630399999	
94.219047619	94.219047619	
94.321088435	94.321088435	
94.41814059	94.41814059	
94.508843537	94.508843537	
94.60680272100001	94.60680272100001	
94.69705215399999	94.69705215399999	
94.791836735	94.791836735	
94.88571428600001	94.88571428600001	
94.985034014	94.985034014	
95.09841269799999	95.09841269799999	
95.18594104299999	95.18594104299999	
95.29931972799999	95.29931972799999	
95.38594104299999	95.38594104299999	
95.487528345	95.487528345	
95.577324263	95.577324263	
95.6861678	95.6861678	
117.070612245	117.070612245	7
117.19102040799999	117.19102040799999	
117.305714286	117.305714286	
117.40734693899999	117.40734693899999	
117.508979592	117.508979592	
117.613877551	117.613877551	
117.76775510200001	117.76775510200001	
117.95346938799999	117.95346938799999	
118.049387755	118.049387755	
118.143265306	118.143265306	
118.229795918	118.229795918	
118.323673469	118.323673469	
118.410204082	118.410204082	
118.49714285700001	118.49714285700001	
118.584081633	118.584081633	
118.667346939	118.667346939	
118.76204081600001	118.76204081600001	
118.854285714	118.854285714	
118.955102041	118.955102041	
119.032653061	119.032653061	
119.12122449	119.12122449	
119.22040816299999	119.22040816299999	
119.320408163	119.320408163	
119.425714286	119.425714286	
119.514285714	119.514285714	
119.625714286	119.625714286	
119.727755102	119.727755102	
119.832244898	119.832244898	
119.896326531	119.896326531	
120.036734694	120.036734694	
120.15591836700001	120.15591836700001	
120.26163265299999	120.26163265299999	
120.36081632700001	120.36081632700001	
120.45673469399999	120.45673469399999	
120.553877551	120.553877551	
120.653061224	120.653061224	
120.771428571	120.771428571	
120.86122449	120.86122449	
120.95469387799999	120.95469387799999	
121.05306122399999	121.05306122399999	
121.162857143	121.162857143	
121.257959184	121.257959184	
121.35469387799999	121.35469387799999	
121.467346939	121.467346939	
121.558367347	121.558367347	
121.656326531	121.656326531	
121.743673469	121.743673469	
121.83428571399999	121.83428571399999	
121.92408163299999	121.92408163299999	
122.01387755100001	122.01387755100001	
122.108571429	122.108571429	
122.194693878	122.194693878	
122.286938776	122.286938776	
122.383265306	122.383265306	
122.467346939	122.467346939	
122.555918367	122.555918367	
122.650612245	122.650612245	
122.73591836700001	122.73591836700001	
122.822857143	122.822857143	
122.91632653100001	122.91632653100001	
123.005714286	123.005714286	
123.09673469399999	123.09673469399999	
123.188163265	123.188163265	
123.27632653100001	123.27632653100001	
123.37918367299999	123.37918367299999	
123.47877551	123.47877551	
123.56408163299999	123.56408163299999	
123.66897959200001	123.66897959200001	
123.757959184	123.757959184	
123.852244898	123.852244898	
123.937959184	123.937959184	
124.03551020399999	124.03551020399999	
124.131836735	124.131836735	
124.21959183700001	124.21959183700001	
124.315102041	124.315102041	
124.411428571	124.411428571	
124.49755102	124.49755102	
124.58163265299999	124.58163265299999	
124.682040816	124.682040816	
124.773877551	124.773877551	
124.866530612	124.866530612	
124.943265306	124.943265306	
125.033061224	125.033061224	
125.12326530600001	125.12326530600001	
125.22489795899999	125.22489795899999	
125.312653061	125.312653061	
125.40408163299999	125.40408163299999	
125.493877551	125.493877551	
125.59102040799999	125.59102040799999	
125.67551020399999	125.67551020399999	
125.78081632700001	125.78081632700001	
125.874285714	125.874285714	
125.971428571	125.971428571	
126.08081632700001	126.08081632700001	
126.17224489799999	126.17224489799999	
