18.371156463
18.489931973
18.594557823
18.692063492
18.797278912
18.912471655
19.078911565
19.262585034
19.353741497
19.437641723
19.526984127
19.625850340
19.712925170
19.800000000
19.881179138
19.964625850
20.054421769
20.153287982
20.251700680
20.336961451
20.424943311
20.519274376
20.621768707
20.716553288
20.813605442
20.918820862
21.026757370
21.134240363
21.245351474
21.347845805
21.448526077
21.560544218
21.665759637
21.770521542
21.865306122
21.963265306
22.064399093
22.161451247
22.261678005
22.355102041
22.458503401
22.557369615
22.662585034
22.771428571
22.867120181
22.965079365
23.053968254
23.146938776
23.240816327
23.333333333
23.435827664
23.524263039
23.607709751
23.692517007
23.773696145
23.860770975
23.954195011
24.046258503
24.142403628
24.233560091
24.321541950
24.406802721
24.490249433
24.578684807
24.675736961
24.774149660
24.863492063
24.960997732
25.056235828
25.141950113
25.229478458
25.314739229
25.420861678
25.516553288
25.613151927
25.711564626
25.795464853
25.882539683
25.965532880
26.051700680
26.143764172
26.240362812
26.331519274
26.417233560
26.505215420
26.596371882
26.694784580
26.783673469
26.882086168
27.004535147
27.063492
27.151020408
27.251700680
27.364172336
27.457596372
