18.415600907
18.537052154
18.648707483
18.751020408
18.850725624
18.955804989
19.112993197
19.298684807
19.391292517
19.484013605
19.574195011
19.667414966
19.751746032
19.839773243
19.924376417
20.011791383
20.106077098
20.203537415
20.295328798
20.381587302
20.469501134
20.563673469
20.666099773
20.761950113
20.863129252
20.969750567
21.073219955
21.177573696
21.285487528
21.392018141
21.492517007
21.601995465
21.700702948
21.803197279
21.900861678
22.000702948
22.103197279
22.200408163
22.302653061
22.398888889
22.503492063
22.601405896
22.701859410
22.806485261
22.899206349
22.997573696
23.084943311
23.178253968
23.268299320
23.357755102
23.452789116
23.542290249
23.632993197
23.725759637
23.811882086
23.902789116
23.993764172
24.082448980
24.173832200
24.264648526
24.352766440
24.444489796
24.537369615
24.626213152
24.724399093
24.819750567
24.910090703
25.008888889
25.100748299
25.194852608
25.287256236
25.381564626
25.480068027
25.571156463
25.662267574
25.755238095
25.843106576
25.931564626
26.023083900
26.111609977
26.198072562
26.289773243
26.376099773
26.466938776
26.560000000
26.653764172
26.747732426
26.836371882
26.933786848
27.019523810
27.118049887
27.209886621
27.311247166
27.414512472
27.509319728
